//Exported ASCII-File
[Header]
FileName = C:\Users\reoml\Desktop\Mestrado\mapa raman\Mapa Raman_GO e rGO.WIP
ImageName = Scan_002_Spec.Data 1_F: Min & Max -> Maximum [1219.5 rel. 1/cm -> 1470.8 rel. 1/cm]
PointsPerLine = 61
LinesPerImage = 61
ScanUnit = µm
ScanWidth = 30
ScanHeight = 30
ScanOriginX = -9.24899959564209
ScanOriginY = 4.88899993896484
ScanOriginZ = 0
DataUnit = CCD cts
[Data]
 9.71395E+01	 8.78045E+01	 1.00793E+02	 1.19921E+02	 1.30916E+02	 1.22438E+02	 1.04079E+02	 6.47784E+01	 3.90270E+01	 4.69990E+01	 6.55228E+01	 5.78946E+01	 4.36400E+01	 3.77928E+01	 3.07487E+01	 5.63130E+01	 9.12895E+01	 1.00492E+02	 7.46576E+01	 7.87854E+01	 5.98036E+01	 3.36955E+01	 2.00075E+01	 2.05903E+01	 3.02914E+01	 4.43513E+01	 5.81372E+01	 7.41991E+01	 7.14110E+01	 8.84568E+01	 9.38807E+01	 8.78759E+01	 9.06884E+01	 6.82572E+01	 6.37241E+01	 9.68016E+01	 1.41849E+02	 1.11204E+02	 7.26602E+01	 4.61340E+01	 3.02058E+01	 2.66723E+01	 1.71095E+01	 2.49623E+01	 4.24343E+01	 8.50169E+01	 6.19987E+01	 3.00755E+01	 3.17965E+01	 4.12350E+01	 4.68984E+01	 7.48971E+01	 7.76520E+01	 4.80139E+01	 4.33670E+01	 2.87772E+01	 3.14934E+01	 8.59001E+01	 9.58078E+01	 7.35226E+01	 8.03612E+01
 1.16755E+02	 1.39083E+02	 1.46539E+02	 1.22816E+02	 9.32925E+01	 8.22903E+01	 8.18992E+01	 6.42740E+01	 4.06297E+01	 4.48138E+01	 5.68524E+01	 4.23211E+01	 4.95816E+01	 6.15164E+01	 6.47058E+01	 6.92698E+01	 8.22865E+01	 8.52812E+01	 8.45745E+01	 7.00373E+01	 5.62562E+01	 4.50683E+01	 2.80465E+01	 2.82400E+01	 2.48759E+01	 3.07749E+01	 4.98701E+01	 7.32749E+01	 7.72782E+01	 9.99135E+01	 1.17293E+02	 1.07908E+02	 9.54026E+01	 8.38961E+01	 8.53537E+01	 1.17520E+02	 1.59183E+02	 1.30305E+02	 9.34143E+01	 6.03411E+01	 3.98760E+01	 3.01214E+01	 2.71664E+01	 3.78870E+01	 5.55135E+01	 5.47304E+01	 3.96126E+01	 2.77620E+01	 2.33650E+01	 3.83887E+01	 4.73866E+01	 6.65190E+01	 8.42740E+01	 4.26790E+01	 3.26392E+01	 4.06412E+01	 6.31007E+01	 8.99022E+01	 9.05244E+01	 9.15215E+01	 1.02154E+02
 9.27757E+01	 1.08119E+02	 1.21060E+02	 1.08216E+02	 9.03302E+01	 8.95625E+01	 9.32903E+01	 9.19619E+01	 6.68967E+01	 5.70373E+01	 4.90815E+01	 3.90771E+01	 3.31037E+01	 3.99942E+01	 4.01094E+01	 4.60234E+01	 6.69330E+01	 7.27207E+01	 6.18897E+01	 5.80815E+01	 5.91488E+01	 6.21463E+01	 4.90417E+01	 5.12695E+01	 3.63404E+01	 3.35118E+01	 3.60156E+01	 4.22675E+01	 5.33560E+01	 7.35286E+01	 9.38909E+01	 9.36805E+01	 8.07203E+01	 7.25340E+01	 8.86572E+01	 1.16332E+02	 1.32607E+02	 1.05930E+02	 9.45920E+01	 8.25076E+01	 5.65979E+01	 5.11561E+01	 4.94247E+01	 5.97562E+01	 6.81334E+01	 6.62695E+01	 5.97393E+01	 3.94770E+01	 2.57030E+01	 1.95457E+01	 2.50341E+01	 2.53352E+01	 3.41374E+01	 5.26395E+01	 5.82702E+01	 6.37715E+01	 8.28403E+01	 1.07663E+02	 1.04281E+02	 6.98261E+01	 6.59374E+01
 1.41166E+02	 1.30539E+02	 1.16659E+02	 1.00778E+02	 8.20232E+01	 7.83745E+01	 8.53612E+01	 7.76112E+01	 6.22711E+01	 6.73657E+01	 6.59796E+01	 4.87196E+01	 5.26747E+01	 7.96492E+01	 9.85282E+01	 8.14917E+01	 8.70498E+01	 8.19274E+01	 6.33324E+01	 5.34061E+01	 6.13745E+01	 7.42207E+01	 9.66365E+01	 1.00277E+02	 5.97872E+01	 2.90278E+01	 2.75110E+01	 3.26774E+01	 4.84228E+01	 6.57641E+01	 7.96793E+01	 6.94685E+01	 5.18923E+01	 5.31689E+01	 6.99688E+01	 1.07669E+02	 1.31045E+02	 9.56593E+01	 5.85760E+01	 5.11597E+01	 5.05731E+01	 4.23777E+01	 4.02329E+01	 4.64897E+01	 5.74366E+01	 5.39189E+01	 4.80228E+01	 3.79241E+01	 2.54607E+01	 2.75126E+01	 4.37013E+01	 4.22536E+01	 3.15043E+01	 3.55794E+01	 4.70101E+01	 5.31378E+01	 7.96808E+01	 1.09788E+02	 1.22866E+02	 9.00815E+01	 6.81094E+01
 1.39943E+02	 1.46671E+02	 1.21290E+02	 1.04759E+02	 8.89979E+01	 9.21941E+01	 8.12651E+01	 6.51290E+01	 5.14020E+01	 5.79442E+01	 4.80323E+01	 5.63657E+01	 1.02614E+02	 1.42320E+02	 1.15583E+02	 9.03595E+01	 1.03534E+02	 1.00181E+02	 7.45629E+01	 6.96743E+01	 7.05202E+01	 8.11475E+01	 9.75286E+01	 9.66551E+01	 7.58988E+01	 5.65164E+01	 4.87685E+01	 5.07744E+01	 6.37296E+01	 7.72101E+01	 9.12956E+01	 8.88795E+01	 6.44955E+01	 5.54247E+01	 5.60227E+01	 7.94009E+01	 9.55286E+01	 7.45228E+01	 4.39455E+01	 3.96511E+01	 4.29347E+01	 4.37785E+01	 3.93937E+01	 4.70372E+01	 5.21378E+01	 5.10079E+01	 3.99071E+01	 2.76559E+01	 2.16939E+01	 3.45080E+01	 6.78963E+01	 7.66505E+01	 7.35537E+01	 7.37300E+01	 6.55911E+01	 6.39893E+01	 8.79332E+01	 1.19543E+02	 1.02782E+02	 7.46378E+01	 7.84675E+01
 1.11724E+02	 1.30811E+02	 1.31407E+02	 1.34606E+02	 1.15165E+02	 1.07034E+02	 1.04908E+02	 7.25261E+01	 4.45198E+01	 4.12118E+01	 3.64331E+01	 4.97025E+01	 1.13382E+02	 1.32271E+02	 8.48218E+01	 5.82739E+01	 6.23073E+01	 5.68967E+01	 6.28967E+01	 6.82715E+01	 6.41423E+01	 4.98138E+01	 4.99097E+01	 6.82695E+01	 8.83568E+01	 7.61513E+01	 5.40284E+01	 5.82740E+01	 7.13723E+01	 6.06492E+01	 8.49047E+01	 1.19046E+02	 1.04786E+02	 7.16513E+01	 6.03984E+01	 7.04026E+01	 7.16492E+01	 4.67216E+01	 4.01379E+01	 4.47675E+01	 4.74432E+01	 4.36459E+01	 5.82623E+01	 6.95173E+01	 6.66442E+01	 5.36733E+01	 3.21259E+01	 2.74942E+01	 3.40993E+01	 4.83047E+01	 7.92715E+01	 9.56459E+01	 9.69840E+01	 9.15270E+01	 9.33293E+01	 8.35448E+01	 9.90392E+01	 1.19668E+02	 1.01780E+02	 6.81437E+01	 5.78937E+01
 1.22653E+02	 1.08080E+02	 1.21039E+02	 1.32162E+02	 1.03943E+02	 9.16563E+01	 8.64574E+01	 6.76283E+01	 4.52155E+01	 6.22424E+01	 6.60620E+01	 7.89391E+01	 1.51310E+02	 1.59801E+02	 8.19013E+01	 4.77885E+01	 6.22902E+01	 6.61204E+01	 7.33988E+01	 8.62774E+01	 7.53975E+01	 5.00908E+01	 4.92293E+01	 5.93900E+01	 7.77740E+01	 8.24051E+01	 5.45194E+01	 3.85370E+01	 4.82746E+01	 6.91409E+01	 7.51897E+01	 8.57945E+01	 1.02657E+02	 8.77948E+01	 7.28963E+01	 8.85308E+01	 9.17824E+01	 5.20561E+01	 3.31454E+01	 4.57426E+01	 5.47672E+01	 5.26836E+01	 5.45215E+01	 6.45195E+01	 6.28878E+01	 4.13360E+01	 2.48670E+01	 3.55771E+01	 5.42784E+01	 5.65638E+01	 7.35244E+01	 7.27845E+01	 7.26484E+01	 8.91551E+01	 9.03909E+01	 1.03659E+02	 1.12661E+02	 9.77238E+01	 7.75351E+01	 3.92029E+01	 3.31303E+01
 1.16145E+02	 1.13762E+02	 1.21157E+02	 1.45799E+02	 1.09410E+02	 8.12191E+01	 6.53007E+01	 6.03479E+01	 9.24144E+01	 1.55852E+02	 1.38752E+02	 9.58256E+01	 1.33794E+02	 1.36176E+02	 9.82744E+01	 4.29611E+01	 5.98459E+01	 8.59308E+01	 1.13409E+02	 1.08476E+02	 7.27829E+01	 7.05577E+01	 6.71522E+01	 6.84073E+01	 6.45561E+01	 5.62757E+01	 3.71999E+01	 2.92390E+01	 4.47536E+01	 7.10448E+01	 7.95758E+01	 6.85402E+01	 6.79179E+01	 8.90270E+01	 1.14517E+02	 8.42479E+01	 5.41375E+01	 4.27245E+01	 3.22047E+01	 5.92784E+01	 7.51115E+01	 7.85286E+01	 7.42374E+01	 5.40211E+01	 3.83282E+01	 3.06041E+01	 3.08735E+01	 5.87246E+01	 8.67241E+01	 7.26592E+01	 7.75219E+01	 7.66597E+01	 7.73933E+01	 9.84047E+01	 1.06283E+02	 1.19524E+02	 1.55416E+02	 1.16714E+02	 7.76290E+01	 5.61309E+01	 4.30754E+01
 7.48701E+01	 8.43884E+01	 9.80714E+01	 9.47778E+01	 1.03032E+02	 7.99781E+01	 6.43790E+01	 6.70328E+01	 1.04540E+02	 1.35166E+02	 1.20704E+02	 6.67740E+01	 7.52728E+01	 8.28139E+01	 5.97690E+01	 4.72664E+01	 8.96088E+01	 1.03782E+02	 8.19447E+01	 9.11316E+01	 9.09064E+01	 8.20802E+01	 8.38162E+01	 8.67509E+01	 6.70979E+01	 4.84763E+01	 3.95096E+01	 3.23609E+01	 4.63704E+01	 5.86836E+01	 6.00784E+01	 5.84871E+01	 6.89001E+01	 1.12041E+02	 1.86926E+02	 1.57916E+02	 9.07799E+01	 4.67487E+01	 2.09291E+01	 5.44927E+01	 6.06573E+01	 7.01450E+01	 7.55257E+01	 4.09101E+01	 3.51283E+01	 4.87551E+01	 3.72643E+01	 6.66245E+01	 1.10419E+02	 1.10440E+02	 6.95202E+01	 5.09132E+01	 5.23343E+01	 5.25402E+01	 8.85537E+01	 1.57008E+02	 1.61824E+02	 1.20146E+02	 6.23057E+01	 3.66896E+01	 4.51900E+01
 4.89812E+01	 3.62398E+01	 3.48883E+01	 4.28670E+01	 5.32694E+01	 7.22774E+01	 6.14396E+01	 5.72429E+01	 8.48103E+01	 1.01009E+02	 7.14013E+01	 5.27111E+01	 3.71101E+01	 4.02010E+01	 3.80051E+01	 4.27668E+01	 7.15291E+01	 8.56943E+01	 9.75274E+01	 9.41947E+01	 9.02424E+01	 8.17903E+01	 8.70129E+01	 9.82782E+01	 7.94001E+01	 6.82548E+01	 8.48982E+01	 8.41995E+01	 3.97005E+01	 3.65148E+01	 6.15402E+01	 8.13597E+01	 1.09788E+02	 1.00033E+02	 1.03532E+02	 1.51246E+02	 1.25176E+02	 4.96004E+01	 1.55247E+01	 1.88419E+01	 3.27555E+01	 4.96952E+01	 4.92694E+01	 3.19136E+01	 3.40993E+01	 5.13967E+01	 6.18390E+01	 8.97417E+01	 9.79538E+01	 1.15007E+02	 7.78261E+01	 7.69885E+01	 6.61808E+01	 7.19135E+01	 1.02139E+02	 9.99802E+01	 9.05282E+01	 7.93039E+01	 5.91471E+01	 3.37675E+01	 3.08007E+01
 4.70919E+01	 3.48860E+01	 4.40208E+01	 6.30215E+01	 7.06522E+01	 6.24676E+01	 5.61423E+01	 4.87845E+01	 5.56492E+01	 7.44034E+01	 7.96534E+01	 6.25244E+01	 5.06237E+01	 4.48243E+01	 4.05420E+01	 4.68094E+01	 6.90402E+01	 1.15960E+02	 1.54035E+02	 1.21287E+02	 8.90341E+01	 6.99779E+01	 8.07177E+01	 7.74768E+01	 6.00877E+01	 6.30215E+01	 7.84179E+01	 7.11505E+01	 5.25550E+01	 4.75156E+01	 5.25215E+01	 7.05265E+01	 9.48422E+01	 8.76593E+01	 9.40375E+01	 1.39177E+02	 1.24421E+02	 6.31425E+01	 2.39202E+01	 2.15048E+01	 3.16569E+01	 4.42502E+01	 4.40555E+01	 3.71250E+01	 5.21090E+01	 9.26405E+01	 1.41463E+02	 1.59861E+02	 1.62806E+02	 1.55925E+02	 1.49337E+02	 1.19413E+02	 8.12675E+01	 7.96867E+01	 9.28732E+01	 7.90492E+01	 7.57356E+01	 7.16522E+01	 7.39885E+01	 6.86463E+01	 4.58904E+01
 9.34116E+01	 7.73483E+01	 6.47728E+01	 6.55232E+01	 6.38975E+01	 4.80177E+01	 3.70152E+01	 5.80177E+01	 6.16442E+01	 5.90555E+01	 8.29932E+01	 9.63162E+01	 1.00409E+02	 7.95279E+01	 5.80479E+01	 4.23161E+01	 5.16149E+01	 7.99022E+01	 1.05882E+02	 1.24038E+02	 1.08778E+02	 7.07961E+01	 6.21028E+01	 5.31421E+01	 4.02611E+01	 4.17107E+01	 5.67094E+01	 6.82505E+01	 7.00373E+01	 6.59022E+01	 6.99005E+01	 6.76309E+01	 7.33992E+01	 9.20286E+01	 8.17786E+01	 7.73799E+01	 5.94868E+01	 4.22639E+01	 4.33271E+01	 4.43440E+01	 4.51178E+01	 4.49721E+01	 3.74962E+01	 3.76028E+01	 6.63078E+01	 1.01286E+02	 1.11786E+02	 1.12914E+02	 1.10409E+02	 1.23786E+02	 1.41528E+02	 1.10300E+02	 7.27545E+01	 7.16302E+01	 7.64030E+01	 7.96675E+01	 7.75363E+01	 7.50258E+01	 6.73992E+01	 5.58984E+01	 5.20086E+01
 1.54799E+02	 1.07664E+02	 5.95865E+01	 6.03166E+01	 5.66290E+01	 4.01848E+01	 2.97838E+01	 3.71047E+01	 4.56666E+01	 6.03980E+01	-1.07832E+00	 6.09775E-01	 8.04005E+01	 7.26088E+01	 5.54390E+01	 4.09881E+01	 3.93568E+01	 5.16331E+01	 8.56498E+01	 1.24665E+02	 1.24030E+02	 8.46509E+01	 6.40202E+01	 5.11404E+01	 4.63449E+01	 5.02995E+01	 5.93757E+01	 7.26784E+01	 7.59885E+01	 5.99655E+01	 4.73229E+01	 5.51077E+01	 6.97126E+01	 7.45816E+01	 8.13852E+01	 7.96547E+01	 6.38980E+01	 5.58651E+01	 5.42685E+01	 6.39927E+01	 7.38963E+01	 5.90202E+01	 4.12652E+01	 2.86387E+01	 3.87635E+01	 6.36433E+01	 8.27791E+01	 9.41623E+01	 9.03497E+01	 1.05535E+02	 1.49096E+02	 1.37942E+02	 8.76547E+01	 6.52280E+01	 6.98682E+01	 6.80240E+01	 6.27770E+01	 5.61471E+01	 3.84469E+01	 2.81190E+01	 4.61404E+01
 1.24537E+02	 9.31572E+01	 8.32734E+01	 1.08023E+02	 9.43773E+01	 6.27163E+01	 6.66115E+01	 1.03034E+02	 9.15282E+01	 6.54763E+01	 5.97720E+01	 5.66468E+01	 6.67362E+01	 8.29026E+01	 6.51415E+01	 6.23885E+01	 4.67808E+01	 3.71372E+01	 4.50431E+01	 6.26896E+01	 7.52744E+01	 6.19548E+01	 5.25574E+01	 6.63022E+01	 8.58143E+01	 8.15257E+01	 6.44525E+01	 5.76331E+01	 5.81766E+01	 5.86193E+01	 6.33980E+01	 5.52638E+01	 5.42873E+01	 6.75877E+01	 6.73166E+01	 6.31459E+01	 7.22797E+01	 8.73200E+01	 7.27049E+01	 4.97954E+01	 2.97584E+01	 2.11542E+01	 2.62679E+01	 3.23189E+01	 4.41790E+01	 5.01315E+01	 6.32664E+01	 8.08975E+01	 1.00407E+02	 1.12718E+02	 1.14337E+02	 8.88530E+01	 7.20890E+01	 5.89100E+01	 5.51204E+01	 4.57931E+01	 3.94158E+01	 5.04980E+01	 4.07005E+01	 3.82639E+01	 5.98923E+01
 1.05183E+02	 9.72096E+01	 8.76616E+01	 9.59051E+01	 9.95295E+01	 8.41505E+01	 8.43285E+01	 8.12464E+01	 5.12932E+01	 4.31442E+01	 5.24214E+01	 5.67981E+01	 6.81952E+01	 7.38822E+01	 7.82778E+01	 9.68988E+01	 6.81459E+01	 4.87641E+01	 6.09073E+01	 5.64020E+01	 6.47643E+01	 5.40215E+01	 4.57966E+01	 4.81004E+01	 7.10339E+01	 7.95249E+01	 7.38971E+01	 5.65325E+01	 5.56439E+01	 6.47365E+01	 7.78255E+01	 6.62732E+01	 6.39412E+01	 7.48927E+01	 7.35603E+01	 7.34759E+01	 7.98142E+01	 6.87307E+01	 6.01423E+01	 5.50194E+01	 3.61689E+01	 2.67567E+01	 2.56583E+01	 3.70638E+01	 4.99013E+01	 6.28144E+01	 7.05309E+01	 8.19704E+01	 1.05041E+02	 1.16614E+02	 9.79779E+01	 7.36770E+01	 7.02340E+01	 5.85033E+01	 3.44721E+01	 3.32622E+01	 4.62917E+01	 6.33568E+01	 5.74929E+01	 4.60919E+01	 5.26226E+01
 6.97273E+01	 1.07423E+02	 1.06534E+02	 8.67900E+01	 8.97840E+01	 6.20648E+01	 4.41858E+01	 4.38912E+01	 4.57005E+01	 4.87231E+01	 6.96581E+01	 6.56587E+01	 8.14862E+01	 8.68695E+01	 9.08316E+01	 8.22774E+01	 7.38612E+01	 6.80211E+01	 6.40191E+01	 5.42480E+01	 5.10466E+01	 6.80834E+01	 5.78022E+01	 6.09097E+01	 4.65588E+01	 5.29435E+01	 5.91484E+01	 6.68939E+01	 6.02464E+01	 7.40625E+01	 7.75278E+01	 9.10234E+01	 1.24671E+02	 1.25898E+02	 1.26164E+02	 9.69013E+01	 6.78699E+01	 5.68733E+01	 4.86747E+01	 3.89854E+01	 2.95093E+01	 2.07548E+01	 3.73040E+01	 8.14601E+01	 1.11416E+02	 1.43253E+02	 1.90305E+02	 1.78064E+02	 1.47046E+02	 1.20882E+02	 8.69492E+01	 7.89013E+01	 7.35215E+01	 5.52711E+01	 5.05505E+01	 4.02251E+01	 6.04752E+01	 8.41880E+01	 8.05632E+01	 5.99153E+01	 5.62690E+01
 7.62130E+01	 1.22290E+02	 1.08829E+02	 9.62945E+01	 1.06158E+02	 4.58316E+01	 3.47279E+01	 3.07618E+01	 3.68322E+01	 5.93050E+01	 8.86891E+01	 6.36290E+01	 5.32496E+01	 6.25191E+01	 7.04051E+01	 7.59034E+01	 4.76408E+01	 5.09502E+01	 6.11848E+01	 5.59247E+01	 4.42672E+01	 6.28893E+01	 1.00242E+02	 9.57770E+01	 7.56454E+01	 6.34391E+01	 4.88528E+01	 6.26475E+01	 6.15632E+01	 6.31408E+01	 6.63022E+01	 9.41627E+01	 1.13662E+02	 1.33176E+02	 1.26794E+02	 8.54812E+01	 5.68919E+01	 4.30798E+01	 5.83496E+01	 4.47728E+01	 3.00201E+01	 2.48828E+01	 2.65408E+01	 5.99056E+01	 1.23333E+02	 1.69940E+02	 1.73825E+02	 1.58931E+02	 1.57234E+02	 1.13581E+02	 9.96458E+01	 1.01406E+02	 8.40278E+01	 7.21995E+01	 5.95215E+01	 5.94138E+01	 9.08793E+01	 9.04051E+01	 8.83377E+01	 6.76626E+01	 5.69336E+01
 8.23081E+01	 1.02292E+02	 9.40324E+01	 7.70450E+01	 5.85993E+01	 3.29993E+01	 2.76357E+01	 3.05043E+01	 3.89635E+01	 5.78321E+01	 5.21433E+01	 5.70194E+01	 5.87459E+01	 6.03862E+01	 7.97774E+01	 7.97808E+01	 4.62596E+01	 3.24142E+01	 3.13604E+01	 3.83232E+01	 3.31101E+01	 3.45152E+01	 5.05507E+01	 7.33219E+01	 8.07606E+01	 7.41890E+01	 9.28166E+01	 9.40581E+01	 8.47018E+01	 6.96570E+01	 7.91808E+01	 8.91720E+01	 8.61867E+01	 8.42523E+01	 6.96488E+01	 4.16757E+01	 2.09429E+01	 2.54498E+01	 5.39146E+01	 5.40584E+01	 2.67493E+01	 2.01095E+01	 2.57256E+01	 4.71955E+01	 6.85357E+01	 9.29677E+01	 8.43571E+01	 9.17279E+01	 9.39291E+01	 8.23524E+01	 9.60400E+01	 8.36439E+01	 6.88419E+01	 6.98302E+01	 4.57155E+01	 4.88496E+01	 7.07130E+01	 8.95261E+01	 1.22709E+02	 8.36607E+01	 6.94185E+01
 8.78799E+01	 7.68879E+01	 6.41484E+01	 5.29594E+01	 4.27421E+01	 3.42524E+01	 3.15114E+01	 3.95152E+01	 7.75143E+01	 9.69060E+01	 8.99116E+01	 9.55023E+01	 6.68061E+01	 5.43937E+01	 6.93967E+01	 8.31995E+01	 6.51943E+01	 5.36425E+01	 4.38071E+01	 6.11442E+01	 6.44005E+01	 5.32902E+01	 4.35383E+01	 6.17070E+01	 6.41331E+01	 8.01731E+01	 1.14613E+02	 1.25858E+02	 1.08470E+02	 8.39185E+01	 9.40538E+01	 1.15658E+02	 8.47424E+01	 7.56520E+01	 6.56121E+01	 2.97626E+01	 1.64410E+01	 2.41145E+01	 4.37337E+01	 5.38183E+01	 4.55475E+01	 5.07251E+01	 5.32698E+01	 5.35741E+01	 6.14243E+01	 6.37300E+01	 4.86421E+01	 4.44182E+01	 7.28737E+01	 8.10523E+01	 7.35417E+01	 5.81121E+01	 4.94664E+01	 3.98200E+01	 4.97462E+01	 5.48200E+01	 5.66456E+01	 5.77801E+01	 7.84706E+01	 9.50973E+01	 5.36891E+01
 4.42914E+01	 4.46959E+01	 5.30996E+01	 4.04760E+01	 4.00689E+01	 4.94400E+01	 5.28873E+01	 5.96266E+01	 7.99013E+01	 7.98243E+01	 7.81587E+01	 6.94630E+01	 5.70583E+01	 6.37685E+01	 6.75045E+01	 7.49429E+01	 6.14868E+01	 5.05466E+01	 3.36082E+01	 3.99547E+01	 5.23387E+01	 6.07681E+01	 4.81440E+01	 4.07965E+01	 4.45766E+01	 9.17012E+01	 1.27603E+02	 1.23407E+02	 1.01552E+02	 5.75782E+01	 5.72668E+01	 6.02596E+01	 5.30164E+01	 4.62652E+01	 3.19042E+01	 3.15201E+01	 2.68036E+01	 2.70373E+01	 4.00844E+01	 5.41658E+01	 5.29769E+01	 5.46204E+01	 5.50660E+01	 5.08487E+01	 5.10454E+01	 4.76331E+01	 4.65325E+01	 5.06666E+01	 7.53419E+01	 1.03719E+02	 8.33078E+01	 6.53693E+01	 6.27770E+01	 6.07871E+01	 5.58942E+01	 6.45661E+01	 5.97567E+01	 5.98649E+01	 7.65522E+01	 9.11947E+01	 7.50935E+01
 5.02664E+01	 4.35361E+01	 4.31658E+01	 4.30766E+01	 5.75741E+01	 9.26479E+01	 9.28968E+01	 6.15173E+01	 4.46741E+01	 4.56952E+01	 4.50454E+01	 5.31061E+01	 5.51472E+01	 6.09746E+01	 8.17363E+01	 9.24685E+01	 9.12900E+01	 7.90911E+01	 4.65547E+01	 3.18142E+01	 6.18980E+01	 9.78849E+01	 9.44556E+01	 6.94759E+01	 5.40190E+01	 5.69962E+01	 6.67413E+01	 6.78652E+01	 6.13915E+01	 5.02269E+01	 4.25535E+01	 3.63322E+01	 2.99272E+01	 2.52010E+01	 2.38690E+01	 3.67122E+01	 5.69980E+01	 5.00947E+01	 3.99574E+01	 5.51420E+01	 6.33387E+01	 5.90249E+01	 6.06408E+01	 5.28084E+01	 4.90249E+01	 5.64840E+01	 7.66520E+01	 7.93608E+01	 9.43998E+01	 1.11914E+02	 8.71602E+01	 6.94350E+01	 6.60877E+01	 5.11536E+01	 4.76601E+01	 7.30414E+01	 9.78732E+01	 8.72768E+01	 8.51947E+01	 8.36115E+01	 7.01520E+01
 6.40062E+01	 7.15632E+01	 6.71475E+01	 6.97914E+01	 7.04505E+01	 7.20169E+01	 6.40185E+01	 4.06750E+01	 3.73525E+01	 5.05152E+01	 6.48959E+01	 6.80249E+01	 6.40240E+01	 7.13676E+01	 9.14924E+01	 1.18097E+02	 1.32562E+02	 1.16029E+02	 8.12206E+01	 7.49548E+01	 1.22283E+02	 1.59932E+02	 1.48177E+02	 1.01787E+02	 8.19706E+01	 7.64626E+01	 7.78438E+01	 7.61468E+01	 5.25887E+01	 3.41082E+01	 2.66613E+01	 2.77624E+01	 2.47864E+01	 2.35093E+01	 4.63496E+01	 7.98479E+01	 1.01780E+02	 9.18970E+01	 6.33816E+01	 5.91309E+01	 7.08942E+01	 8.24009E+01	 6.72753E+01	 5.76459E+01	 7.42706E+01	 1.09796E+02	 1.27861E+02	 1.02986E+02	 8.37130E+01	 9.05938E+01	 8.37873E+01	 7.38620E+01	 6.55461E+01	 4.50167E+01	 3.77596E+01	 6.74759E+01	 9.22342E+01	 9.35089E+01	 1.00897E+02	 8.22130E+01	 6.28774E+01
 6.90181E+01	 8.02069E+01	 7.04840E+01	 6.18061E+01	 8.96539E+01	 8.81237E+01	 6.22656E+01	 5.47639E+01	 6.42698E+01	 6.25962E+01	 7.94703E+01	 9.08162E+01	 8.60295E+01	 8.70862E+01	 1.02635E+02	 1.38070E+02	 1.74997E+02	 1.82753E+02	 1.54985E+02	 1.58389E+02	 1.45924E+02	 1.76306E+02	 1.98925E+02	 1.74408E+02	 1.39038E+02	 1.26022E+02	 1.12790E+02	 7.91867E+01	 5.41929E+01	 2.68117E+01	 2.54510E+01	 3.21936E+01	 2.80576E+01	 3.09527E+01	 5.75766E+01	 9.95312E+01	 1.14771E+02	 1.04808E+02	 1.01488E+02	 1.01598E+02	 1.08465E+02	 9.01891E+01	 6.96666E+01	 4.85172E+01	 6.07579E+01	 1.03992E+02	 1.16629E+02	 8.95400E+01	 6.84752E+01	 6.92786E+01	 6.50284E+01	 5.10495E+01	 5.36601E+01	 5.18981E+01	 3.74934E+01	 3.81242E+01	 5.61257E+01	 6.32058E+01	 5.82665E+01	 5.46830E+01	 5.15636E+01
 1.10655E+02	 9.70093E+01	 6.92190E+01	 6.07872E+01	 1.12302E+02	 1.09462E+02	 6.12651E+01	 6.18651E+01	 6.15987E+01	 5.82422E+01	 6.72749E+01	 6.50987E+01	 6.59214E+01	 7.32207E+01	 8.91886E+01	 1.19450E+02	 1.58848E+02	 1.54634E+02	 1.22380E+02	 1.45605E+02	 1.43865E+02	 1.68509E+02	 1.97624E+02	 2.27989E+02	 2.12351E+02	 1.80825E+02	 1.62837E+02	 1.18507E+02	 6.12902E+01	 3.22135E+01	 3.35350E+01	 4.65412E+01	 4.09457E+01	 4.22631E+01	 5.00173E+01	 8.21115E+01	 9.60218E+01	 9.11470E+01	 8.06931E+01	 7.62757E+01	 7.44799E+01	 7.84330E+01	 7.29868E+01	 6.46415E+01	 7.46530E+01	 7.78535E+01	 8.86232E+01	 1.04480E+02	 9.24063E+01	 8.01152E+01	 5.63443E+01	 5.22850E+01	 4.43609E+01	 4.33565E+01	 5.98351E+02	 1.42975E+03	 5.26743E+01	 6.30270E+01	 6.71995E+01	 6.42845E+01	 6.11237E+01
 1.31540E+02	 1.11847E+02	 7.73783E+01	 6.08946E+01	 9.02302E+01	 8.80316E+01	 4.41728E+01	 3.39030E+01	 2.81436E+01	 3.36328E+01	 4.88609E+01	 5.83138E+01	 5.02042E+01	 7.29104E+01	 1.12016E+02	 1.22007E+02	 1.13415E+02	 1.05832E+02	 9.57482E+01	 1.45784E+02	 1.62587E+02	 1.34443E+02	 1.36535E+02	 1.90354E+02	 2.01862E+02	 1.86485E+02	 1.68030E+02	 1.10278E+02	 6.71375E+01	 4.84277E+01	 5.42627E+01	 7.81891E+01	 8.39495E+01	 6.01536E+01	 4.16561E+01	 5.50325E+01	 7.10282E+01	 6.96891E+01	 5.88971E+01	 4.55729E+01	 4.56642E+01	 7.02490E+01	 8.59154E+01	 9.39031E+01	 9.78905E+01	 7.93858E+01	 9.17101E+01	 1.05277E+02	 1.03370E+02	 7.37997E+01	 5.26777E+01	 4.58355E+01	 4.47005E+01	 3.70114E+01	 4.03857E+01	 4.35949E+01	 6.69718E+01	 9.72835E+01	 9.36293E+01	 7.46685E+01	 6.14126E+01
 1.45315E+02	 1.34608E+02	 9.04290E+01	 8.01398E+01	 7.28544E+01	 6.51309E+01	 5.19822E+01	 4.55185E+01	 6.10525E+01	 3.76219E+01	 5.34921E+01	 3.98241E+01	 7.64166E+01	 8.64138E+01	 1.20863E+02	 1.02751E+02	 8.61152E+01	 9.20613E+01	 1.33289E+02	 1.73042E+02	 1.91663E+02	 1.39774E+02	 7.96509E+01	 1.19906E+02	 1.59575E+02	 1.68698E+02	 1.29809E+02	 9.97847E+01	 8.71837E+01	 7.25414E+01	 6.27857E+01	 1.07629E+02	 1.38383E+02	 1.04029E+02	 5.90495E+01	 5.72784E+01	 5.19307E+01	 4.30887E+01	 4.15135E+01	 3.45459E+01	 3.66929E+01	 6.62551E+01	 8.39226E+01	 8.33915E+01	 8.46439E+01	 8.36536E+01	 7.93544E+01	 7.52368E+01	 6.04391E+01	 7.59893E+01	 5.10167E+01	 3.84580E+01	 3.42611E+01	 4.85860E+01	 4.00676E+01	 5.17074E+01	 8.17681E+01	 1.02786E+02	 9.50181E+01	 6.69601E+01	 6.86685E+01
 9.70461E+01	 8.99148E+01	 8.42787E+01	 7.87124E+01	 7.20999E+01	 5.17685E+01	 5.15190E+01	 5.72025E+01	 6.73693E+01	 8.52340E+01	 1.22847E+02	 1.19629E+02	 1.27891E+02	 1.25950E+02	 1.22289E+02	 9.76832E+01	 9.49703E+01	 1.01921E+02	 1.14222E+02	 1.81664E+02	 1.92104E+02	 1.33730E+02	 7.69706E+01	 9.82757E+01	 1.23485E+02	 1.38528E+02	 1.18132E+02	 1.06972E+02	 9.97787E+01	 9.02753E+01	 6.97765E+01	 1.08310E+02	 1.41421E+02	 9.16171E+01	 6.91791E+01	 7.07849E+01	 3.88497E+01	 4.61794E+01	 3.65816E+01	 2.44105E+01	 2.19885E+01	 4.78266E+01	 4.00370E+01	 3.95131E+01	 3.90118E+01	 3.15350E+01	 4.00743E+01	 6.40727E+01	 8.11972E+01	 8.23555E+01	 7.62485E+01	 6.30522E+01	 6.53073E+01	 7.40244E+01	 5.38568E+01	 4.77595E+01	 6.57604E+01	 9.57812E+01	 1.09581E+02	 9.66194E+01	 6.59508E+01
 6.79619E+01	 7.02259E+01	 7.20906E+01	 5.49036E+01	 3.97421E+01	 4.70167E+01	 5.63321E+01	 6.55455E+01	 8.84797E+01	 1.31109E+02	 1.54897E+02	 1.82352E+02	 1.66230E+02	 2.05581E+02	 1.96735E+02	 1.72669E+02	 1.49043E+02	 1.17677E+02	 1.26246E+02	 1.57509E+02	 1.60437E+02	 1.01155E+02	 6.41282E+01	 7.77740E+01	 9.14970E+01	 1.12665E+02	 1.07763E+02	 9.18272E+01	 8.51952E+01	 1.03612E+02	 1.02296E+02	 1.11546E+02	 1.24069E+02	 1.16353E+02	 1.04947E+02	 7.03611E+01	 7.73022E+01	 8.91972E+01	 7.82784E+01	 4.01740E+01	 2.50048E+01	 2.41382E+01	 2.17597E+01	 2.49377E+01	 4.45816E+01	 4.34410E+01	 5.70571E+01	 7.86653E+01	 1.01486E+02	 1.07802E+02	 1.10066E+02	 8.07259E+01	 6.25887E+01	 5.65996E+01	 4.28035E+01	 4.73681E+01	 6.86672E+01	 7.99031E+01	 8.99556E+01	 9.68139E+01	 9.83776E+01
 4.24543E+01	 4.40816E+01	 5.75290E+01	 5.88200E+01	 5.18573E+01	 4.82966E+01	 4.83316E+01	 6.91149E+01	 9.01685E+01	 9.90234E+01	 1.27747E+02	 1.43959E+02	 1.29199E+02	 1.44973E+02	 1.51392E+02	 1.29725E+02	 1.12796E+02	 1.33647E+02	 1.53086E+02	 1.48772E+02	 1.24784E+02	 9.27770E+01	 7.69153E+01	 8.62662E+01	 1.08128E+02	 1.06246E+02	 9.24472E+01	 8.43733E+01	 7.00660E+01	 9.67177E+01	 1.11157E+02	 1.31619E+02	 1.48103E+02	 1.49645E+02	 1.32444E+02	 9.38671E+01	 7.14495E+01	 6.34691E+01	 5.27191E+01	 4.34502E+01	 4.08035E+01	 4.72995E+01	 3.30162E+01	 3.01364E+01	 4.77010E+01	 4.05152E+01	 5.39962E+01	 6.66476E+01	 1.27593E+02	 1.67307E+02	 1.23557E+02	 7.34812E+01	 5.28200E+01	 4.35987E+01	 5.73733E+01	 5.80002E+01	 6.19875E+01	 6.95138E+01	 7.92505E+01	 7.63814E+01	 7.49569E+01
 3.38372E+01	 3.52246E+01	 5.12956E+01	 7.43726E+01	 7.79030E+01	 6.13504E+01	 5.81653E+01	 7.50725E+01	 8.15292E+01	 7.43915E+01	 7.66298E+01	 6.47251E+01	 7.58975E+01	 1.03712E+02	 1.25242E+02	 1.34787E+02	 1.28550E+02	 1.08341E+02	 8.29327E+01	 5.54937E+01	 3.51896E+01	 4.81597E+01	 6.54630E+01	 8.59924E+01	 9.25816E+01	 8.47900E+01	 9.19508E+01	 9.48377E+01	 9.02415E+01	 8.08078E+01	 8.04330E+01	 9.55101E+01	 1.05181E+02	 1.18845E+02	 1.12316E+02	 9.61547E+01	 9.82734E+01	 1.06933E+02	 8.26115E+01	 5.36359E+01	 5.16028E+01	 6.13733E+01	 5.11836E+01	 3.04757E+01	 2.18864E+01	 3.01242E+01	 5.53447E+01	 7.08774E+01	 9.22424E+01	 1.19762E+02	 1.07819E+02	 7.41111E+01	 5.87546E+01	 5.99020E+01	 6.72606E+01	 6.59214E+01	 6.46653E+01	 6.10236E+01	 7.78535E+01	 1.06199E+02	 1.06788E+02
 4.52601E+01	 5.98980E+01	 6.41398E+01	 7.42799E+01	 7.81539E+01	 7.24812E+01	 7.06867E+01	 7.92601E+01	 9.01520E+01	 8.57074E+01	 5.68083E+01	 5.08859E+01	 5.19013E+01	 6.48160E+01	 9.79209E+01	 1.07091E+02	 1.00609E+02	 6.73160E+01	 4.20766E+01	 3.05443E+01	 2.14341E+01	 3.21396E+01	 6.24929E+01	 8.77307E+01	 9.90350E+01	 1.21493E+02	 1.37636E+02	 1.16681E+02	 9.17784E+01	 7.21425E+01	 8.30297E+01	 1.04373E+02	 1.03004E+02	 9.21088E+01	 8.68243E+01	 8.81947E+01	 1.12076E+02	 1.18950E+02	 1.06667E+02	 8.61352E+01	 1.06809E+02	 1.11179E+02	 8.43996E+01	 5.57421E+01	 3.29797E+01	 2.75043E+01	 4.67373E+01	 7.25644E+01	 9.09924E+01	 1.13826E+02	 1.08532E+02	 7.97786E+01	 7.82791E+01	 8.10274E+01	 6.31891E+01	 5.54630E+01	 6.05005E+01	 5.88923E+01	 8.04574E+01	 1.08133E+02	 1.11980E+02
 5.20033E+01	 6.74807E+01	 8.41232E+01	 8.95162E+01	 9.14654E+01	 8.64116E+01	 8.26886E+01	 8.60400E+01	 1.11076E+02	 1.12635E+02	 7.62126E+01	 5.29013E+01	 4.54457E+01	 6.39214E+01	 9.20162E+01	 8.10223E+01	 4.56756E+01	 3.53895E+01	 3.51372E+01	 2.74368E+01	 1.85875E+01	 2.08218E+01	 4.12434E+01	 7.46943E+01	 1.02151E+02	 1.28591E+02	 1.40569E+02	 1.22177E+02	 1.04178E+02	 8.65223E+01	 1.10558E+02	 1.31001E+02	 1.29491E+02	 1.22247E+02	 1.05927E+02	 9.39055E+01	 1.09406E+02	 1.14486E+02	 1.09236E+02	 1.02814E+02	 1.11975E+02	 1.00848E+02	 9.30824E+01	 7.10561E+01	 4.05254E+01	 3.02437E+01	 4.03883E+01	 4.95185E+01	 6.77518E+01	 8.47340E+01	 9.08858E+01	 9.39109E+01	 8.48615E+01	 7.84429E+01	 6.16468E+01	 4.62466E+01	 5.35996E+01	 5.50821E+01	 6.60033E+01	 7.50223E+01	 6.91463E+01
 4.11391E+01	 5.82490E+01	 8.81115E+01	 7.13499E+01	 6.36496E+01	 6.88879E+01	 7.99002E+01	 9.37662E+01	 1.17286E+02	 9.96589E+01	 7.89051E+01	 7.65392E+01	 7.68732E+01	 6.15220E+01	 6.43061E+01	 5.52134E+01	 4.85741E+01	 4.25465E+01	 3.28766E+01	 3.06797E+01	 2.71925E+01	 2.79862E+01	 4.81769E+01	 6.92825E+01	 1.04210E+02	 1.14857E+02	 1.06594E+02	 1.16717E+02	 1.26907E+02	 1.05598E+02	 1.04210E+02	 1.31282E+02	 1.34092E+02	 1.13307E+02	 8.84380E+01	 1.09076E+02	 1.19821E+02	 9.80249E+01	 1.04414E+02	 9.52778E+01	 7.47955E+01	 6.63083E+01	 5.38018E+01	 3.54990E+01	 3.78650E+01	 4.35676E+01	 5.31642E+01	 7.34336E+01	 9.71080E+01	 9.69492E+01	 1.06599E+02	 1.09923E+02	 9.03438E+01	 8.07190E+01	 5.68166E+01	 5.23577E+01	 7.17130E+01	 6.95045E+01	 4.58144E+01	 5.55999E+01	 6.01488E+01
 3.87245E+01	 4.80285E+01	 6.56678E+01	 5.43084E+01	 6.57490E+01	 6.92702E+01	 7.75639E+01	 7.91543E+01	 8.89985E+01	 8.46672E+01	 8.63976E+01	 1.06343E+02	 8.20444E+01	 6.80045E+01	 7.43915E+01	 6.24092E+01	 5.33766E+01	 5.53497E+01	 7.34226E+01	 9.62356E+01	 7.80450E+01	 6.00987E+01	 5.28681E+01	 6.61415E+01	 8.13169E+01	 1.06489E+02	 1.13272E+02	 1.19583E+02	 1.02808E+02	 7.59759E+01	 7.74452E+01	 8.60106E+01	 1.15332E+02	 8.55508E+01	 5.22954E+01	 5.79769E+01	 6.49921E+01	 6.29513E+01	 6.52638E+01	 7.19391E+01	 6.87702E+01	 4.83648E+01	 2.39932E+01	 2.80523E+01	 4.18528E+01	 8.60865E+01	 5.76704E+01	 4.21082E+01	 5.91836E+01	 7.73976E+01	 6.41743E+01	 6.06408E+01	 5.67656E+01	 3.51478E+01	 4.19574E+01	 5.01257E+01	 7.19716E+01	 7.50741E+01	 6.66181E+01	 7.61415E+01	 7.92797E+01
 5.44691E+01	 5.69352E+01	 5.88276E+01	 6.51423E+01	 7.03260E+01	 7.26488E+01	 7.15373E+01	 7.21561E+01	 9.59569E+01	 1.29855E+02	 1.35748E+02	 1.16659E+02	 5.64921E+01	 5.78651E+01	 5.55583E+01	 4.22164E+01	 6.49172E+01	 8.19047E+01	 8.52056E+01	 9.73555E+01	 8.44964E+01	 5.95167E+01	 6.46910E+01	 7.75106E+01	 9.45789E+01	 1.19891E+02	 1.22923E+02	 1.26354E+02	 1.06062E+02	 1.10095E+02	 8.15232E+01	 5.65594E+01	 5.29457E+01	 4.19400E+01	 4.54090E+01	 4.80466E+01	 4.89765E+01	 5.73462E+01	 6.91330E+01	 1.13355E+02	 8.95700E+01	 5.00658E+01	 3.85043E+01	 3.38027E+01	 7.39036E+01	 9.81194E+01	 6.56309E+01	 4.87373E+01	 3.84942E+01	 3.70540E+01	 2.29454E+01	 2.93199E+01	 3.21197E+01	 2.30921E+01	 2.17972E+01	 3.33298E+01	 6.21910E+01	 6.17966E+01	 6.76777E+01	 9.29020E+01	 6.06836E+01
 9.04039E+01	 8.06836E+01	 9.43192E+01	 8.15312E+01	 7.28737E+01	 5.62013E+01	 5.22660E+01	 5.54429E+01	 6.01955E+01	 9.86124E+01	 1.32444E+02	 1.01526E+02	 4.21583E+01	 4.04805E+01	 4.74716E+01	 6.61256E+01	 6.63968E+01	 6.87673E+01	 6.55700E+01	 7.17751E+01	 7.18693E+01	 6.23160E+01	 5.75636E+01	 5.89097E+01	 7.71030E+01	 1.00992E+02	 1.21410E+02	 1.23909E+02	 1.16409E+02	 9.32710E+01	 7.48175E+01	 4.97850E+01	 4.18626E+01	 5.74502E+01	 8.18318E+01	 9.44619E+01	 7.93038E+01	 1.06093E+02	 1.02826E+02	 9.94654E+01	 7.60232E+01	 7.33119E+01	 4.73912E+01	 6.02966E+01	 9.82545E+01	 1.00146E+02	 6.74690E+01	 6.24622E+01	 7.35906E+01	 7.72627E+01	 6.62562E+01	 5.64691E+01	 4.47472E+01	 2.52338E+01	 1.85380E+01	 3.38123E+01	 3.93920E+01	 2.66436E+01	 5.31004E+01	 4.41541E+01	 3.33783E+01
 1.21522E+02	 9.71172E+01	 1.11563E+02	 1.11990E+02	 7.81592E+01	 4.70454E+01	 3.47434E+01	 3.42196E+01	 5.13343E+01	 9.27643E+01	 8.92368E+01	 6.46866E+01	 3.59030E+01	 3.42543E+01	 5.23750E+01	 6.75167E+01	 6.46689E+01	 5.85106E+01	 6.89270E+01	 8.79022E+01	 8.91793E+01	 8.02643E+01	 7.89126E+01	 7.40619E+01	 7.88284E+01	 9.85279E+01	 9.53022E+01	 8.13774E+01	 6.94799E+01	 5.36775E+01	 5.15834E+01	 5.35822E+01	 6.83733E+01	 8.46830E+01	 9.33615E+01	 9.25249E+01	 8.07791E+01	 9.79026E+01	 1.48374E+02	 1.39108E+02	 1.10355E+02	 1.04813E+02	 8.15639E+01	 1.01117E+02	 1.39930E+02	 1.30358E+02	 1.05588E+02	 5.75167E+01	 5.31520E+01	 6.92871E+01	 9.72840E+01	 9.98530E+01	 6.38144E+01	 2.84454E+01	 3.66383E+01	 6.47074E+01	 4.54746E+01	 2.36925E+01	 3.64934E+01	 3.40289E+01	 3.42256E+01
 9.05038E+01	 8.90538E+01	 1.00290E+02	 1.20510E+02	 1.27242E+02	 7.95406E+01	 3.79529E+01	 2.73697E+01	 3.37373E+01	 4.57337E+01	 3.48189E+01	 2.45617E+01	 2.94789E+01	 3.96938E+01	 4.52660E+01	 4.43504E+01	 4.46319E+01	 4.14396E+01	 5.54036E+01	 6.06408E+01	 5.19921E+01	 5.20882E+01	 6.45644E+01	 7.52429E+01	 7.73950E+01	 6.93963E+01	 6.04391E+01	 5.28975E+01	 5.18946E+01	 5.28419E+01	 6.48055E+01	 8.01115E+01	 9.29985E+01	 1.00790E+02	 9.12069E+01	 8.11501E+01	 8.68316E+01	 1.07289E+02	 1.35242E+02	 1.57161E+02	 1.53863E+02	 1.31790E+02	 1.26166E+02	 1.40372E+02	 1.71801E+02	 1.72509E+02	 1.26378E+02	 7.98162E+01	 5.63263E+01	 5.33798E+01	 7.67259E+01	 1.08574E+02	 8.90292E+01	 4.67175E+01	 6.23266E+01	 9.00345E+01	 8.43447E+01	 5.11790E+01	 6.89073E+01	 4.71925E+01	 3.74942E+01
 5.42191E+01	 7.45045E+01	 7.67130E+01	 6.80999E+01	 7.63008E+01	 7.73611E+01	 5.61536E+01	 3.73887E+01	 3.06683E+01	 3.02366E+01	 3.88139E+01	 5.67074E+01	 5.65454E+01	 5.02667E+01	 4.11391E+01	 3.63847E+01	 3.58977E+01	 3.47830E+01	 4.44962E+01	 5.49348E+01	 3.92132E+01	 2.82769E+01	 3.56994E+01	 3.42543E+01	 3.31436E+01	 4.64990E+01	 6.74574E+01	 8.36299E+01	 7.57154E+01	 8.87840E+01	 1.03343E+02	 9.31470E+01	 8.53430E+01	 8.75967E+01	 7.22130E+01	 6.24691E+01	 8.22961E+01	 9.48615E+01	 8.82130E+01	 8.08260E+01	 9.44780E+01	 1.23692E+02	 1.41826E+02	 1.32943E+02	 1.13177E+02	 1.04074E+02	 1.14296E+02	 1.17343E+02	 9.55286E+01	 7.57784E+01	 8.08324E+01	 9.00877E+01	 7.34391E+01	 6.36714E+01	 7.07480E+01	 7.43968E+01	 5.98915E+01	 5.85417E+01	 7.85345E+01	 5.02652E+01	 2.77297E+01
 4.56888E+01	 8.61358E+01	 9.75908E+01	 7.45461E+01	 5.83084E+01	 5.27269E+01	 4.18855E+01	 3.97175E+01	 3.62580E+01	 3.34757E+01	 5.85705E+01	 9.02424E+01	 8.80175E+01	 7.05666E+01	 5.94840E+01	 4.43900E+01	 4.15527E+01	 5.06597E+01	 5.79307E+01	 5.78136E+01	 4.73600E+01	 3.65588E+01	 4.57312E+01	 5.67490E+01	 5.43176E+01	 6.28598E+01	 7.90106E+01	 7.40760E+01	 6.42518E+01	 6.13094E+01	 5.58282E+01	 6.31359E+01	 6.69574E+01	 5.22175E+01	 5.29061E+01	 6.73652E+01	 7.52961E+01	 7.72797E+01	 6.73229E+01	 5.27449E+01	 6.01654E+01	 8.46505E+01	 1.14282E+02	 1.25349E+02	 9.67302E+01	 6.15215E+01	 7.11274E+01	 9.70522E+01	 1.05242E+02	 9.41563E+01	 7.62751E+01	 7.20404E+01	 7.23200E+01	 7.06536E+01	 5.95834E+01	 5.24804E+01	 5.73022E+01	 5.25821E+01	 4.71355E+01	 4.17580E+01	 4.76910E+01
 5.43321E+01	 8.19624E+01	 7.98316E+01	 7.52218E+01	 6.66358E+01	 4.90402E+01	 4.35527E+01	 3.80766E+01	 3.36150E+01	 2.97434E+01	 4.85111E+01	 7.64111E+01	 8.74063E+01	 8.00362E+01	 7.39148E+01	 5.35903E+01	 4.17854E+01	 5.99929E+01	 9.05877E+01	 1.10128E+02	 9.62485E+01	 5.46359E+01	 5.63205E+01	 6.88737E+01	 5.55681E+01	 4.42519E+01	 3.63643E+01	 3.25823E+01	 3.08133E+01	 4.25156E+01	 4.84219E+01	 2.35294E+01	 1.77532E+01	 3.44756E+01	 5.90194E+01	 6.51467E+01	 5.26520E+01	 5.28260E+01	 5.61836E+01	 4.81437E+01	 5.40033E+01	 6.90887E+01	 7.57567E+01	 9.46293E+01	 7.46972E+01	 5.45414E+01	 4.47789E+01	 5.56848E+01	 7.45181E+01	 6.43831E+01	 5.28344E+01	 6.26440E+01	 8.69868E+01	 7.07906E+01	 6.83528E+01	 5.82667E+01	 5.18382E+01	 5.32257E+01	 5.93693E+01	 6.98652E+01	 8.66398E+01
 5.90472E+01	 5.81976E+01	 5.45644E+01	 5.95414E+01	 7.32685E+01	 6.81182E+01	 5.55583E+01	 4.21181E+01	 4.02135E+01	 4.04635E+01	 6.04929E+01	 8.94030E+01	 1.12283E+02	 1.15242E+02	 1.00480E+02	 7.76830E+01	 5.00462E+01	 5.38598E+01	 7.84569E+01	 8.01592E+01	 6.34371E+01	 5.46468E+01	 4.30987E+01	 4.71355E+01	 4.87543E+01	 5.71315E+01	 7.96439E+01	 7.92246E+01	 8.16830E+01	 7.70776E+01	 5.68651E+01	 4.46355E+01	 4.13232E+01	 5.70127E+01	 7.83535E+01	 6.42119E+01	 7.41354E+01	 6.18403E+01	 6.28175E+01	 7.60741E+01	 6.35943E+01	 5.33862E+01	 4.91481E+01	 6.74716E+01	 9.02784E+01	 7.23976E+01	 4.12838E+01	 4.02010E+01	 4.25287E+01	 3.32931E+01	 3.67976E+01	 5.34158E+01	 7.85877E+01	 7.23113E+01	 6.67845E+01	 7.10472E+01	 7.65402E+01	 6.56592E+01	 7.82662E+01	 1.08724E+02	 1.14123E+02
 4.75289E+01	 7.82453E+01	 9.66379E+01	 9.61710E+01	 8.04472E+01	 7.66653E+01	 6.21280E+01	 3.97432E+01	 3.61364E+01	 3.60693E+01	 4.54962E+01	 8.45990E+01	 1.31615E+02	 1.20081E+02	 9.92662E+01	 7.03365E+01	 7.41784E+01	 7.66714E+01	 8.93854E+01	 9.37126E+01	 8.18154E+01	 7.97900E+01	 6.30317E+01	 4.18144E+01	 4.17260E+01	 6.40914E+01	 6.87873E+01	 8.28782E+01	 9.08798E+01	 6.22622E+01	 4.47134E+01	 6.94868E+01	 7.69443E+01	 8.02584E+01	 8.00877E+01	 7.41770E+01	 8.54654E+01	 7.60772E+01	 6.70045E+01	 8.32307E+01	 7.22427E+01	 5.51395E+01	 6.12728E+01	 6.12586E+01	 8.20457E+01	 8.01476E+01	 7.45760E+01	 6.30947E+01	 5.28176E+01	 3.71683E+01	 2.81481E+01	 3.25411E+01	 9.80162E+01	 8.21947E+01	 7.25414E+01	 5.93560E+01	 5.68443E+01	 5.14962E+01	 4.83410E+01	 6.87906E+01	 7.61830E+01
 8.39495E+01	 8.35045E+01	 1.02415E+02	 1.13250E+02	 1.08986E+02	 8.27048E+01	 5.59155E+01	 4.71630E+01	 3.70075E+01	 2.78872E+01	 4.01472E+01	 9.97900E+01	 1.09053E+02	 1.29051E+02	 1.15694E+02	 9.42820E+01	 9.03377E+01	 6.76358E+01	 8.11766E+01	 8.42670E+01	 8.06354E+01	 7.18200E+01	 7.75045E+01	 6.85181E+01	 5.47473E+01	 4.82690E+01	 5.14854E+01	 7.00454E+01	 4.98648E+01	 2.07572E+01	 2.72999E+01	 5.93205E+01	 7.17368E+01	 7.46679E+01	 8.00076E+01	 8.47246E+01	 8.79624E+01	 8.52124E+01	 6.09763E+01	 5.71858E+01	 6.11646E+01	 7.26298E+01	 8.69800E+01	 8.07668E+01	 9.26354E+01	 6.83561E+01	 7.84153E+01	 8.45536E+01	 7.34985E+01	 5.56073E+01	 5.01309E+01	 5.87414E+01	 6.62720E+01	 5.31446E+01	 4.08371E+01	 4.17216E+01	 4.59090E+01	 4.69873E+01	 3.34042E+01	 3.51373E+01	 4.09635E+01
 8.97424E+01	 9.05816E+01	 7.31775E+01	 6.64690E+01	 9.51055E+01	 8.43544E+01	 5.90996E+01	 4.88071E+01	 7.18321E+01	 7.82606E+01	 7.56561E+01	 9.53055E+01	 1.12016E+02	 1.06935E+02	 7.77008E+01	 6.90816E+01	 7.95967E+01	 1.02176E+02	 9.34919E+01	 7.88858E+01	 7.85906E+01	 7.06111E+01	 6.97480E+01	 8.14929E+01	 8.76120E+01	 5.40456E+01	 3.82074E+01	 4.62706E+01	 3.69648E+01	 2.39305E+01	 2.67059E+01	 3.20571E+01	 3.73582E+01	 4.51472E+01	 6.03316E+01	 7.55373E+01	 9.63799E+01	 7.94431E+01	 6.83980E+01	 4.80177E+01	 4.20194E+01	 6.07622E+01	 9.23372E+01	 1.17088E+02	 1.25581E+02	 8.60581E+01	 8.26560E+01	 9.29116E+01	 7.97048E+01	 9.02206E+01	 7.96152E+01	 7.59092E+01	 8.67022E+01	 9.17464E+01	 5.64881E+01	 4.37043E+01	 3.13344E+01	 3.89146E+01	 4.04667E+01	 4.09013E+01	 5.73499E+01
 1.07886E+02	 9.26809E+01	 6.11536E+01	 4.06378E+01	 4.33878E+01	 4.48084E+01	 5.33875E+01	 6.19100E+01	 7.07231E+01	 8.18854E+01	 9.11055E+01	 9.38078E+01	 8.62296E+01	 8.51157E+01	 7.48113E+01	 8.28854E+01	 1.19118E+02	 1.39989E+02	 1.04349E+02	 7.12022E+01	 6.36484E+01	 6.00906E+01	 6.18403E+01	 7.99146E+01	 9.48615E+01	 8.25522E+01	 7.03862E+01	 7.99840E+01	 8.25802E+01	 6.37685E+01	 5.50167E+01	 4.43929E+01	 5.13083E+01	 6.03970E+01	 4.30834E+01	 5.39189E+01	 7.61475E+01	 7.48132E+01	 6.92207E+01	 5.52739E+01	 4.11866E+01	 3.61847E+01	 5.06440E+01	 8.24001E+01	 8.92523E+01	 7.42246E+01	 9.39569E+01	 1.05748E+02	 7.00938E+01	 6.15638E+01	 5.23343E+01	 5.96726E+01	 5.77586E+01	 6.25127E+01	 4.18200E+01	 3.79146E+01	 4.00475E+01	 6.21424E+01	 1.08457E+02	 1.15147E+02	 1.14638E+02
 8.75340E+01	 6.75760E+01	 4.22135E+01	 2.82051E+01	 2.98759E+01	 4.13404E+01	 7.04452E+01	 7.87784E+01	 5.86408E+01	 5.21564E+01	 5.79233E+01	 6.59690E+01	 7.02473E+01	 8.75168E+01	 9.95340E+01	 1.03992E+02	 9.70253E+01	 9.97803E+01	 8.24060E+01	 6.35045E+01	 6.20357E+01	 6.03831E+01	 6.49553E+01	 9.26709E+01	 1.12576E+02	 9.40162E+01	 7.51358E+01	 7.75284E+01	 7.08260E+01	 7.31766E+01	 5.95289E+01	 4.91896E+01	 4.73774E+01	 5.44553E+01	 5.03005E+01	 4.90527E+01	 7.59630E+01	 7.72018E+01	 6.36097E+01	 7.19718E+01	 6.96423E+01	 6.95683E+01	 7.15583E+01	 7.47429E+01	 8.04443E+01	 6.41471E+01	 6.33577E+01	 5.76666E+01	 3.81355E+01	 3.39041E+01	 3.54429E+01	 4.46181E+01	 4.43443E+01	 5.31266E+01	 6.45211E+01	 5.80167E+01	 5.31149E+01	 1.02528E+02	 1.60826E+02	 1.61874E+02	 1.56374E+02
 1.16266E+02	 9.08854E+01	 6.14336E+01	 4.40147E+01	 4.40139E+01	 4.58355E+01	 5.63751E+01	 6.18025E+01	 5.33912E+01	 4.97490E+01	 5.24452E+01	 4.94097E+01	 5.71848E+01	 7.23615E+01	 9.79121E+01	 1.08859E+02	 8.82840E+01	 7.22659E+01	 8.36809E+01	 7.17670E+01	 5.80700E+01	 6.79391E+01	 7.35284E+01	 7.59005E+01	 8.22765E+01	 6.53980E+01	 5.26379E+01	 5.11843E+01	 4.94146E+01	 5.04525E+01	 4.23609E+01	 3.38896E+01	 4.32551E+01	 6.30683E+01	 7.69233E+01	 6.53967E+01	 5.98737E+01	 7.61972E+01	 9.23817E+01	 1.06554E+02	 1.34590E+02	 1.40211E+02	 1.13118E+02	 8.30168E+01	 7.00947E+01	 7.78078E+01	 8.80703E+01	 9.56273E+01	 6.89868E+01	 4.68144E+01	 3.78165E+01	 3.47374E+01	 3.39041E+01	 5.52667E+01	 7.29194E+01	 6.00661E+01	 5.28449E+01	 4.67312E+01	 5.28443E+01	 5.97647E+01	 9.08136E+01
 1.16629E+02	 6.60228E+01	 4.13511E+01	 3.52754E+01	 4.52825E+01	 5.49036E+01	 4.80527E+01	 6.47991E+01	 9.43023E+01	 8.33419E+01	 5.83687E+01	 4.51232E+01	 4.14906E+01	 7.14746E+01	 1.18855E+02	 1.33260E+02	 1.02254E+02	 7.49685E+01	 7.47453E+01	 6.54953E+01	 6.13022E+01	 6.20046E+01	 7.39442E+01	 8.71176E+01	 9.32900E+01	 9.32601E+01	 6.87485E+01	 6.26678E+01	 5.98988E+01	 4.44588E+01	 3.25649E+01	 2.95839E+01	 3.26772E+01	 4.79594E+01	 6.13008E+01	 6.24092E+01	 6.32385E+01	 7.93377E+01	 1.02010E+02	 1.27075E+02	 1.47004E+02	 1.68908E+02	 1.65754E+02	 1.28860E+02	 9.59802E+01	 8.55571E+01	 8.38434E+01	 8.72485E+01	 7.88737E+01	 5.75705E+01	 4.06242E+01	 2.38766E+01	 3.34156E+01	 5.85219E+01	 6.60151E+01	 5.53136E+01	 3.83166E+01	 3.92176E+01	 4.10289E+01	 3.44721E+01	 5.08921E+01
 8.31302E+01	 5.11073E+01	 4.70527E+01	 4.80826E+01	 3.56757E+01	 4.26004E+01	 5.51028E+01	 7.13200E+01	 8.49443E+01	 8.08321E+01	 6.55345E+01	 4.72251E+01	 4.00359E+01	 6.42375E+01	 8.74807E+01	 1.01777E+02	 1.16767E+02	 1.01656E+02	 6.84431E+01	 6.03387E+01	 6.34452E+01	 8.94330E+01	 8.34807E+01	 7.67473E+01	 8.72322E+01	 8.87601E+01	 7.51004E+01	 6.16475E+01	 5.42094E+01	 5.18582E+01	 4.57176E+01	 4.60131E+01	 3.37647E+01	 3.53933E+01	 5.49036E+01	 9.59210E+01	 1.19426E+02	 1.22093E+02	 1.14509E+02	 1.05646E+02	 1.09379E+02	 1.32617E+02	 1.38123E+02	 1.23183E+02	 9.28656E+01	 9.11563E+01	 7.88434E+01	 8.29624E+01	 7.74270E+01	 5.63183E+01	 3.02168E+01	 3.04696E+01	 6.73022E+01	 7.95354E+01	 8.11884E+01	 7.71941E+01	 8.01024E+01	 7.29036E+01	 6.79751E+01	 5.32790E+01	 6.33687E+01
 6.62702E+01	 5.64146E+01	 6.28322E+01	 8.18197E+01	 5.67406E+01	 3.98018E+01	 7.03972E+01	 1.21093E+02	 1.77140E+02	 1.59912E+02	 1.08358E+02	 8.08008E+01	 6.39073E+01	 5.06298E+01	 6.68497E+01	 8.56766E+01	 1.08725E+02	 8.99400E+01	 7.46290E+01	 7.39840E+01	 9.29590E+01	 1.35525E+02	 1.40563E+02	 1.13052E+02	 8.01653E+01	 8.33976E+01	 8.13676E+01	 6.62368E+01	 5.46266E+01	 7.41766E+01	 7.64751E+01	 6.50167E+01	 5.23057E+01	 5.24284E+01	 9.10517E+01	 1.48211E+02	 1.40295E+02	 1.41922E+02	 1.23419E+02	 1.08228E+02	 1.00399E+02	 1.22780E+02	 1.43230E+02	 1.40402E+02	 1.16123E+02	 8.39924E+01	 6.54150E+01	 8.00005E+01	 8.95461E+01	 6.94522E+01	 5.05636E+01	 4.50048E+01	 9.60755E+01	 1.05444E+02	 9.01526E+01	 8.03175E+01	 5.22176E+01	 4.17362E+01	 5.07025E+01	 7.09893E+01	 1.05177E+02
 8.61470E+01	 8.37485E+01	 9.13038E+01	 9.30072E+01	 6.42069E+01	 8.23144E+01	 1.67158E+02	 2.57695E+02	 2.63514E+02	 2.22074E+02	 1.68034E+02	 9.98612E+01	 5.71286E+01	 4.01150E+01	 4.69250E+01	 5.95700E+01	 7.67035E+01	 7.87914E+01	 1.10287E+02	 1.46442E+02	 1.47105E+02	 1.70004E+02	 1.50377E+02	 1.04281E+02	 8.47601E+01	 8.94508E+01	 9.08225E+01	 6.45507E+01	 4.68504E+01	 3.96242E+01	 5.48404E+01	 4.36065E+01	 5.10185E+01	 7.39752E+01	 9.46947E+01	 1.08010E+02	 1.36096E+02	 1.51897E+02	 1.28266E+02	 1.12961E+02	 1.10324E+02	 1.07672E+02	 8.07579E+01	 6.72393E+01	 7.50206E+01	 7.98346E+01	 7.10333E+01	 7.40522E+01	 1.04211E+02	 1.04609E+02	 9.07111E+01	 6.91375E+01	 8.31891E+01	 8.39924E+01	 8.12761E+01	 6.76752E+01	 4.07442E+01	 4.36378E+01	 7.06484E+01	 1.09018E+02	 1.57747E+02
 6.73222E+01	 6.92245E+01	 7.70168E+01	 8.65455E+01	 4.84336E+01	 7.66654E+01	 1.51362E+02	 1.76331E+02	 1.72646E+02	 1.39271E+02	 1.01263E+02	 7.57307E+01	 7.58546E+01	 7.85919E+01	 6.55491E+01	 5.37191E+01	 6.75402E+01	 8.54150E+01	 9.49270E+01	 1.12296E+02	 1.22945E+02	 1.09837E+02	 1.08587E+02	 1.26396E+02	 9.91461E+01	 8.26293E+01	 7.66611E+01	 6.35143E+01	 5.19594E+01	 6.09204E+01	 4.02265E+01	 2.63703E+01	 3.95454E+01	 6.65106E+01	 7.59751E+01	 6.62340E+01	 8.51097E+01	 1.06697E+02	 1.03772E+02	 1.35248E+02	 1.45794E+02	 9.29109E+01	 5.41233E+01	 5.33223E+01	 6.78657E+01	 7.96986E+01	 1.06921E+02	 1.21235E+02	 1.30812E+02	 1.28071E+02	 1.06921E+02	 7.63318E+01	 4.77664E+01	 4.65454E+01	 6.31112E+01	 5.76666E+01	 4.38496E+01	 4.78007E+01	 4.33443E+01	 7.67970E+01	 1.55729E+02
 9.44883E+01	 7.05825E+01	 6.64153E+01	 4.41045E+01	 3.41436E+01	 4.37652E+01	 6.96368E+01	 8.33594E+01	 1.05635E+02	 1.23266E+02	 1.37509E+02	 1.55968E+02	 1.23942E+02	 1.32926E+02	 1.13124E+02	 8.54885E+01	 7.98083E+01	 9.57185E+01	 8.30907E+01	 6.94495E+01	 8.61947E+01	 1.05100E+02	 1.30826E+02	 1.32628E+02	 1.12572E+02	 1.02953E+02	 7.52368E+01	 6.60622E+01	 6.53798E+01	 5.93181E+01	 5.60987E+01	 4.38786E+01	 4.28448E+01	 5.93467E+01	 6.61513E+01	 6.32786E+01	 7.95758E+01	 8.23909E+01	 8.66688E+01	 9.68732E+01	 1.16546E+02	 7.23782E+01	 3.93541E+01	 4.15285E+01	 7.37723E+01	 8.85162E+01	 9.26474E+01	 8.66172E+01	 9.06942E+01	 1.61104E+02	 1.46497E+02	 1.06202E+02	 6.32902E+01	 5.85249E+01	 7.10236E+01	 5.92739E+01	 5.35461E+01	 5.68132E+01	 9.28055E+01	 1.22492E+02	 1.44497E+02
 5.69763E+01	 5.26611E+01	 4.00618E+01	 3.08609E+01	 3.64873E+01	 4.89578E+01	 8.63245E+01	 1.24079E+02	 1.39170E+02	 1.42857E+02	 1.48978E+02	 1.32861E+02	 1.08433E+02	 1.24230E+02	 1.03010E+02	 7.90400E+01	 5.69618E+01	 5.16100E+01	 4.84247E+01	 6.76679E+01	 8.84444E+01	 9.33407E+01	 1.07855E+02	 1.05421E+02	 1.09923E+02	 9.46933E+01	 7.54924E+01	 6.67797E+01	 6.85743E+01	 6.43965E+01	 7.19752E+01	 6.72163E+01	 7.17163E+01	 8.15261E+01	 8.12111E+01	 8.43732E+01	 8.54023E+01	 8.04087E+01	 6.71377E+01	 5.04452E+01	 5.85871E+01	 4.66642E+01	 2.62584E+01	 4.35613E+01	 8.59759E+01	 1.02635E+02	 1.10943E+02	 1.26890E+02	 1.30950E+02	 1.30266E+02	 9.14596E+01	 7.09690E+01	 6.02694E+01	 5.88181E+01	 5.54502E+01	 4.77337E+01	 4.23181E+01	 7.16282E+01	 1.15279E+02	 1.29683E+02	 1.39724E+02
 5.25660E+01	 4.80943E+01	 4.33681E+01	 3.92728E+01	 4.73321E+01	 6.50802E+01	 1.12688E+02	 1.47420E+02	 1.36527E+02	 1.44736E+02	 1.61907E+02	 1.34592E+02	 1.00690E+02	 8.25802E+01	 7.12961E+01	 6.88022E+01	 4.87312E+01	 4.12519E+01	 3.86987E+01	 5.25882E+01	 6.96397E+01	 7.17473E+01	 6.63043E+01	 9.35639E+01	 1.06522E+02	 8.86276E+01	 7.37185E+01	 7.47424E+01	 8.21648E+01	 9.57419E+01	 9.77707E+01	 8.11547E+01	 6.76561E+01	 8.16770E+01	 1.03635E+02	 9.84924E+01	 7.71055E+01	 8.20578E+01	 6.43377E+01	 4.54677E+01	 3.79628E+01	 3.00019E+01	 3.02611E+01	 4.98921E+01	 6.69153E+01	 9.18078E+01	 1.10546E+02	 1.20667E+02	 9.79515E+01	 6.02764E+01	 3.36355E+01	 2.69030E+01	 4.29347E+01	 5.26790E+01	 4.86442E+01	 4.87991E+01	 5.91181E+01	 6.20228E+01	 8.16100E+01	 1.02739E+02	 1.21211E+02
 5.67606E+01	 6.39578E+01	 9.79745E+01	 1.04960E+02	 1.00926E+02	 1.43030E+02	 1.79955E+02	 1.59296E+02	 1.24956E+02	 1.37647E+02	 1.61413E+02	 1.54920E+02	 1.33850E+02	 9.80191E+01	 6.38055E+01	 4.06750E+01	 3.08882E+01	 3.24900E+01	 4.31630E+01	 5.77191E+01	 6.25821E+01	 6.00333E+01	 5.46714E+01	 7.02381E+01	 8.56152E+01	 6.71334E+01	 5.65062E+01	 7.19264E+01	 8.74258E+01	 9.22895E+01	 8.16232E+01	 6.13571E+01	 5.81766E+01	 6.21836E+01	 6.96597E+01	 6.16597E+01	 4.56896E+01	 4.87135E+01	 5.44711E+01	 5.76852E+01	 4.99732E+01	 3.38449E+01	 4.45993E+01	 6.81973E+01	 9.24220E+01	 9.16470E+01	 7.72218E+01	 7.35354E+01	 7.54034E+01	 4.84154E+01	 2.73040E+01	 2.33980E+01	 4.66843E+01	 6.18074E+01	 6.76115E+01	 6.50461E+01	 7.39924E+01	 7.49270E+01	 5.25234E+01	 5.87422E+01	 9.45344E+01
 9.32723E+01	 9.36972E+01	 1.09588E+02	 1.15276E+02	 1.34104E+02	 1.80617E+02	 1.56021E+02	 1.57432E+02	 1.45354E+02	 1.31240E+02	 1.33271E+02	 1.32676E+02	 1.39361E+02	 1.13479E+02	 8.01547E+01	 5.10232E+01	 4.26255E+01	 4.16866E+01	 4.79243E+01	 6.89868E+01	 8.40639E+01	 6.84214E+01	 4.43418E+01	 3.98937E+01	 4.44348E+01	 4.93621E+01	 5.40462E+01	 8.28407E+01	 9.35072E+01	 9.16195E+01	 7.56897E+01	 5.15151E+01	 5.93225E+01	 5.43119E+01	 4.30133E+01	 3.93266E+01	 3.47611E+01	 3.87575E+01	 5.20638E+01	 6.46638E+01	 7.38377E+01	 6.68022E+01	 7.40816E+01	 1.01420E+02	 1.14897E+02	 1.01742E+02	 7.11520E+01	 4.77490E+01	 5.29036E+01	 4.88942E+01	 3.59345E+01	 2.82551E+01	 3.63282E+01	 5.76480E+01	 6.99574E+01	 6.76659E+01	 6.35046E+01	 6.65622E+01	 5.82790E+01	 7.14868E+01	 1.03845E+02
 7.68568E+01	 9.26472E+01	 1.14552E+02	 1.37891E+02	 1.13730E+02	 1.06535E+02	 4.23653E+02	 1.26081E+03	 1.77372E+02	 1.64919E+02	 1.67716E+02	 1.43164E+02	 1.33468E+02	 1.17522E+02	 8.23854E+01	 5.45284E+01	 6.35507E+01	 7.84018E+01	 7.24985E+01	 7.19061E+01	 7.92575E+01	 6.48971E+01	 4.44013E+01	 4.49838E+01	 3.82276E+01	 3.83859E+01	 4.67490E+01	 5.68487E+01	 4.87248E+01	 4.68560E+01	 4.77429E+01	 4.59989E+01	 4.82010E+01	 4.93933E+01	 4.77074E+01	 4.59962E+01	 4.26999E+01	 4.16896E+01	 4.74166E+01	 7.37424E+01	 8.19707E+01	 8.99087E+01	 1.03308E+02	 8.94985E+01	 9.55457E+01	 8.19963E+01	 5.64732E+01	 4.35036E+01	 4.99097E+01	 6.15167E+01	 4.98681E+01	 4.17631E+01	 4.72922E+01	 4.73665E+01	 5.78969E+01	 6.47606E+01	 6.83915E+01	 7.48407E+01	 8.14030E+01	 7.84473E+01	 1.04683E+02
 5.45588E+01	 6.10826E+01	 8.48419E+01	 8.55328E+01	 8.46468E+01	 7.08693E+01	 8.01415E+01	 1.38343E+02	 2.06497E+02	 2.60359E+02	 2.31973E+02	 1.60030E+02	 1.28394E+02	 1.05554E+02	 8.98260E+01	 4.89348E+01	 4.49105E+01	 6.43271E+01	 6.23972E+01	 6.67825E+01	 8.84092E+01	 9.28180E+01	 6.56233E+01	 5.45683E+01	 7.90938E+01	 6.63971E+01	 4.42719E+01	 4.82715E+01	 5.71830E+01	 5.01952E+01	 6.55284E+01	 4.97490E+01	 3.86037E+01	 5.15697E+01	 7.41592E+01	 8.99175E+01	 7.53318E+01	 5.91071E+01	 6.60979E+01	 6.52177E+01	 7.10185E+01	 9.05400E+01	 1.07611E+02	 8.29626E+01	 9.17191E+01	 9.66409E+01	 7.69226E+01	 6.09243E+01	 5.69804E+01	 5.25547E+01	 4.80131E+01	 5.30051E+01	 5.55491E+01	 6.12783E+01	 4.72672E+01	 4.76807E+01	 6.45317E+01	 8.29039E+01	 8.86415E+01	 8.33560E+01	 7.99569E+01
 4.07679E+01	 1.85207E+02	 6.47690E+01	 6.78229E+01	 6.53227E+01	 7.67084E+01	 7.78726E+01	 6.54748E+01	 8.53219E+01	 1.55706E+02	 1.62448E+02	 1.50841E+02	 1.24867E+02	 1.07952E+02	 5.66839E+01	 3.85152E+01	 2.67564E+01	 2.43088E+01	 4.98750E+01	 7.46972E+01	 8.52461E+01	 1.08278E+02	 1.00141E+02	 8.61282E+01	 1.27710E+02	 1.24969E+02	 7.05151E+01	 4.23316E+01	 6.77651E+01	 9.38909E+01	 8.54367E+01	 6.63055E+01	 7.90846E+01	 1.12195E+02	 1.11158E+02	 1.09980E+02	 1.17540E+02	 1.30599E+02	 9.83982E+01	 8.57064E+01	 8.06631E+01	 9.36232E+01	 1.16813E+02	 1.16523E+02	 9.55125E+01	 8.20814E+01	 7.27090E+01	 7.53701E+01	 4.84898E+01	 4.16197E+01	 4.87912E+01	 6.51948E+01	 5.70190E+01	 4.51820E+01	 3.30007E+01	 4.83678E+01	 7.89412E+01	 1.00326E+02	 1.08169E+02	 1.04529E+02	 7.91334E+01
